%GÜÇ AKIÞI programý
%guc_gursu3: Matris tersi için LU faktorizasyon kullanýlýyor.
%guc_gursu4: Önceki programa kademe deðiþtirici (tap changer) ayarý da eklenmiþ durumda.
k=1;
Sbaz=1;
hata=0.001;%hata; çözüm hassasiyeti
%Sistem deðiþkenleri okunacak.
%Hat deðiþkenleri-ilk durum
%DOSYAYI OKUMA
%Okunacak dosyanýn konumu girilecek.
%dosya_oku2;
%Veri düzenleme/hesaplama
Z=R+X*i; ypq2=0.5i*B;

%tr=[1/t bara1 bara2 Y]
%dönüþtürme oraný= 1:t (bara1:bara2)
yontem=0;%tr matrisinin Y bara matrisine nasýl eklemleneceðini bildiren parametre. Eðer kademe deðiþtirici trafo yoksa yontem=0; kullanýlmalý.

%Stevenson'un "Power System Analysis" kitabýndaki 9.14 örneði için kademe
%deðiþtirici verisi. (Program çalýþtýrýlmadan önce
%konum='sistem_9_14_Stevenson.txt'; komutu kullanýlmalý.)
%tr=[1/0.975 2 3 1/0.04i];

%IEEE-14 baralý test sistemi için kademe deðiþtirici verisi. (Program çalýþtýrýlmadan önce konum='sistem2x.txt'; komutu kullanýlmalý.)
%tr=[1/0.978 4 7 1/0.20912i;1/0.969 4 9 1/0.55618i;1/0.932 5 6 1/0.25202i];

%68 baralý test sistemi için kademe deðiþtirici verisi. (Program çalýþtýrýlmadan önce konum='bara68guc.txt'; komutu kullanýlmalý.)
%tr=[0.975609756097561 + 0.00000000000000i,2.00000000000000 + 0.00000000000000i,53.0000000000000 + 0.00000000000000i,0.00000000000000 - 110.497237569061i;0.934579439252336 + 0.00000000000000i,6.00000000000000 + 0.00000000000000i,54.0000000000000 + 0.00000000000000i,0.00000000000000 - 40.0000000000000i;0.934579439252336 + 0.00000000000000i,10.0000000000000 + 0.00000000000000i,55.0000000000000 + 0.00000000000000i,0.00000000000000 - 50.0000000000000i;0.943396226415094 + 0.00000000000000i,12.0000000000000 + 0.00000000000000i,11.0000000000000 + 0.00000000000000i,0.844411840765037 - 22.9574469207995i;0.943396226415094 + 0.00000000000000i,12.0000000000000 + 0.00000000000000i,13.0000000000000 + 0.00000000000000i,0.844411840765037 - 22.9574469207995i;0.943396226415094 + 0.00000000000000i,19.0000000000000 + 0.00000000000000i,20.0000000000000 + 0.00000000000000i,3.66626512334363 - 72.2777981459173i;0.934579439252336 + 0.00000000000000i,19.0000000000000 + 0.00000000000000i,56.0000000000000 + 0.00000000000000i,3.46311779547816 - 70.2518181368426i;0.991080277502478 + 0.00000000000000i,20.0000000000000 + 0.00000000000000i,57.0000000000000 + 0.00000000000000i,2.77085065114990 - 55.4170130229981i;0.975609756097561 + 0.00000000000000i,22.0000000000000 + 0.00000000000000i,58.0000000000000 + 0.00000000000000i,0.00000000000000 - 69.9300699300699i;0.975609756097561 + 0.00000000000000i,25.0000000000000 + 0.00000000000000i,60.0000000000000 + 0.00000000000000i,1.11399925733383 - 43.0746379502414i;0.975609756097561 + 0.00000000000000i,29.0000000000000 + 0.00000000000000i,61.0000000000000 + 0.00000000000000i,3.27868852459016 - 63.9344262295082i;1.05708245243129 + 0.00000000000000i,35.0000000000000 + 0.00000000000000i,34.0000000000000 + 0.00000000000000i,1.82581705313128 - 135.110461931714i;0.961538461538462 + 0.00000000000000i,31.0000000000000 + 0.00000000000000i,62.0000000000000 + 0.00000000000000i,0.00000000000000 - 38.4615384615385i;0.961538461538462 + 0.00000000000000i,32.0000000000000 + 0.00000000000000i,63.0000000000000 + 0.00000000000000i,0.00000000000000 - 76.9230769230769i;0.961538461538462 + 0.00000000000000i,36.0000000000000 + 0.00000000000000i,64.0000000000000 + 0.00000000000000i,0.00000000000000 - 133.333333333333i;0.961538461538462 + 0.00000000000000i,37.0000000000000 + 0.00000000000000i,65.0000000000000 + 0.00000000000000i,0.00000000000000 - 303.030303030303i];
%tr(:,1)=1;

%tr=[0.975609756097561 + 0.00000000000000i,2.00000000000000 + 0.00000000000000i,53.0000000000000 + 0.00000000000000i,0.00000000000000 - 110.497237569061i;0.934579439252336 + 0.00000000000000i,6.00000000000000 + 0.00000000000000i,54.0000000000000 + 0.00000000000000i,0.00000000000000 - 40.0000000000000i;0.934579439252336 + 0.00000000000000i,10.0000000000000 + 0.00000000000000i,55.0000000000000 + 0.00000000000000i,0.00000000000000 - 50.0000000000000i;0.943396226415094 + 0.00000000000000i,12.0000000000000 + 0.00000000000000i,11.0000000000000 + 0.00000000000000i,0.00000000000000 - 22.9885057471264i;0.943396226415094 + 0.00000000000000i,12.0000000000000 + 0.00000000000000i,13.0000000000000 + 0.00000000000000i,0.00000000000000 - 22.9885057471264i;0.943396226415094 + 0.00000000000000i,19.0000000000000 + 0.00000000000000i,20.0000000000000 + 0.00000000000000i,0.00000000000000 - 72.4637681159420i;0.934579439252336 + 0.00000000000000i,19.0000000000000 + 0.00000000000000i,56.0000000000000 + 0.00000000000000i,0.00000000000000 - 70.4225352112676i;0.991080277502478 + 0.00000000000000i,20.0000000000000 + 0.00000000000000i,57.0000000000000 + 0.00000000000000i,0.00000000000000 - 55.5555555555556i;0.975609756097561 + 0.00000000000000i,22.0000000000000 + 0.00000000000000i,58.0000000000000 + 0.00000000000000i,0.00000000000000 - 69.9300699300699i;0.975609756097561 + 0.00000000000000i,25.0000000000000 + 0.00000000000000i,60.0000000000000 + 0.00000000000000i,0.00000000000000 - 43.1034482758621i;0.975609756097561 + 0.00000000000000i,29.0000000000000 + 0.00000000000000i,61.0000000000000 + 0.00000000000000i,0.00000000000000 - 64.1025641025641i;1.05708245243129 + 0.00000000000000i,35.0000000000000 + 0.00000000000000i,34.0000000000000 + 0.00000000000000i,0.00000000000000 - 135.135135135135i;0.961538461538462 + 0.00000000000000i,31.0000000000000 + 0.00000000000000i,62.0000000000000 + 0.00000000000000i,0.00000000000000 - 38.4615384615385i;0.961538461538462 + 0.00000000000000i,32.0000000000000 + 0.00000000000000i,63.0000000000000 + 0.00000000000000i,0.00000000000000 - 76.9230769230769i;0.961538461538462 + 0.00000000000000i,36.0000000000000 + 0.00000000000000i,64.0000000000000 + 0.00000000000000i,0.00000000000000 - 133.333333333333i;0.961538461538462 + 0.00000000000000i,37.0000000000000 + 0.00000000000000i,65.0000000000000 + 0.00000000000000i,0.00000000000000 - 303.030303030303i];
